1216
0	30	1260	18	1800	1470	0.121	1
0	18	1290	45	5040	1470	0.121	1
0	17	1320	33	3360	1470	0.473	1
0	6	1320	45	6480	1470	0.121	1
0	30	1260	45	5040	1470	0.121	1
0	33	1140	20	3660	1470	0.121	1
0	20	840	33	3300	1470	0.121	1
0	6	1320	40	3300	1470	0.121	1
0	18	0	33	480	1470	0.121	1
0	15	1200	8	1410	19992	343.75	0
0	44	1200	25	1800	19992	759	0
0	44	1200	21	1800	19992	759	0
0	25	1200	44	1800	19992	302.5	0
0	33	1260	30	1860	1470	0.121	1
0	33	1260	13	1920	1470	0.121	1
0	41	1200	44	1800	19992	467.5	0
0	30	1260	36	5040	1470	0.121	1
0	33	1140	45	5040	1470	0.121	1
0	18	1290	36	5040	1470	0.121	1
0	17	1140	8	1500	19992	343.75	0
0	40	1260	18	1860	1470	0.121	1
0	44	1200	8	2460	19992	1705	0
0	22	1020	8	1200	1470	0.121	1
0	40	1230	33	1920	1470	0.121	1
0	6	1320	32	3180	1470	0.121	1
0	18	1320	30	1800	1470	0.121	1
0	44	1200	41	1800	19992	467.5	0
0	33	1140	36	5040	1470	0.121	1
0	44	1200	19	1800	19992	357.5	0
0	6	1320	43	5040	1470	0.121	1
0	45	900	13	4800	1470	0.121	1
0	18	1290	32	1500	1470	0.121	1
0	18	1320	6	3300	1470	0.121	1
0	20	840	30	3300	1470	0.121	1
0	17	1320	40	2640	1470	0.462	1
0	43	900	18	3300	1470	0.121	1
0	45	900	40	3600	1470	0.121	1
0	24	480	44	3780	19992	528	0
0	36	900	33	4800	1470	0.121	1
0	2	1260	8	1439	19992	291.5	0
0	20	840	6	4080	1470	0.121	1
0	32	1380	18	1860	1470	0.121	1
0	20	840	40	1860	1470	0.121	1
0	20	840	13	3360	1470	0.121	1
0	6	1320	36	6480	1470	0.121	1
0	6	1320	30	3360	1470	0.121	1
0	33	1140	32	1860	1470	0.121	1
0	36	900	13	4800	1470	0.121	1
0	17	1320	30	1920	1470	0.374	1
0	18	1320	13	1860	1470	0.121	1
0	40	1200	20	2220	1470	0.121	1
0	6	1320	13	1920	1470	0.121	1
0	44	660	10	840	1470	0.253	1
0	34	1140	8	1439	19992	327.25	0
0	17	960	20	3480	1470	0.506	1
0	30	1260	33	1920	1470	0.121	1
0	18	1290	40	1860	1470	0.121	1
0	21	1200	44	1800	19992	759	0
0	2	1185	8	1365	19992	291.5	0
0	40	1260	13	1920	1470	0.121	1
0	30	1260	20	3660	1470	0.121	1
0	44	1020	11	1920	1470	0.253	1
0	30	1260	40	1860	1470	0.121	1
0	16	1050	30	1830	19992	825	0
0	36	900	40	3600	1470	0.121	1
0	8	420	22	600	1470	0.121	1
0	40	1260	30	1860	1470	0.121	1
0	18	1290	20	3660	1470	0.121	1
0	45	900	18	4740	1470	0.121	1
0	32	1380	6	3300	1470	0.121	1
0	33	1140	40	1860	1470	0.121	1
0	26	1200	8	1410	1470	0.121	1
0	6	1320	18	3300	1470	0.121	1
0	18	1290	43	3600	1470	0.121	1
0	30	1290	13	1350	1470	0.121	1
0	43	900	30	3300	1470	0.121	1
0	30	1260	6	2520	1470	0.121	1
0	36	900	18	4740	1470	0.121	1
0	19	1200	44	1800	1470	0.165	1
0	44	1020	12	3360	1470	0.583	1
0	43	900	13	3360	1470	0.121	1
0	17	1200	46	2400	19992	1512.5	0
0	32	30	33	480	1470	0.121	1
0	6	1320	20	3660	1470	0.121	1
0	45	900	30	4740	1470	0.121	1
0	32	1380	13	1920	1470	0.121	1
0	40	1260	32	1500	1470	0.121	1
0	36	900	30	4740	1470	0.121	1
0	30	1260	43	3600	1470	0.121	1
0	44	900	7	1020	1470	0.308	1
0	6	1320	33	3360	1470	0.121	1
0	40	1260	6	3300	1470	0.121	1
0	44	1020	46	2040	1470	0.407	1
0	43	900	33	3360	1470	0.121	1
0	8	180	26	450	1470	0.121	1
0	17	1320	18	2280	1470	0.44	1
0	33	1260	6	3300	1470	0.121	1
0	45	900	33	4800	1470	0.121	1
0	30	1260	32	1500	1470	0.121	1
0	43	900	40	2160	1470	0.121	1
0	44	1020	24	1920	1470	0.308	1
0	33	1140	43	3600	1470	0.121	1
0	17	1200	35	1920	19992	715	0
0	43	900	30	3300	1470	0.121	1
0	6	1320	40	3300	1470	0.121	1
0	36	900	13	4800	1470	0.121	1
0	30	1260	18	1800	1470	0.121	1
0	43	900	33	3360	1470	0.121	1
0	40	1260	6	3300	1470	0.121	1
0	43	900	40	2160	1470	0.121	1
0	21	1200	44	1800	19992	759	0
0	20	840	30	3300	1470	0.121	1
0	43	900	18	3300	1470	0.121	1
0	40	1260	32	1500	1470	0.121	1
0	44	1020	46	2040	1470	0.407	1
0	40	1230	33	1920	1470	0.121	1
0	45	900	30	4740	1470	0.121	1
0	44	1200	41	1800	19992	467.5	0
0	41	1200	44	1800	19992	467.5	0
0	44	1020	24	1920	1470	0.308	1
0	6	1320	13	1920	1470	0.121	1
0	44	1200	19	1800	19992	357.5	0
0	6	1320	33	3360	1470	0.121	1
0	17	1320	18	2280	1470	0.44	1
0	20	840	40	1860	1470	0.121	1
0	20	840	13	3360	1470	0.121	1
0	45	900	13	4800	1470	0.121	1
0	33	1140	20	3660	1470	0.121	1
0	40	1260	13	1920	1470	0.121	1
0	17	1320	40	2640	1470	0.462	1
0	44	1020	11	1920	1470	0.253	1
0	15	1200	8	1410	19992	343.75	0
0	6	1320	36	6480	1470	0.121	1
0	44	1020	12	3360	1470	0.583	1
0	40	1260	18	1860	1470	0.121	1
0	19	1200	44	1800	1470	0.165	1
0	18	0	33	480	1470	0.121	1
0	30	1260	6	2520	1470	0.121	1
0	36	900	40	3600	1470	0.121	1
0	30	1290	13	1350	1470	0.121	1
0	30	1260	20	3660	1470	0.121	1
0	17	960	20	3480	1470	0.506	1
0	17	1320	30	1920	1470	0.374	1
0	2	1185	8	1365	19992	291.5	0
0	30	1260	32	1500	1470	0.121	1
0	44	660	10	840	1470	0.253	1
0	30	1260	40	1860	1470	0.121	1
0	30	1260	33	1920	1470	0.121	1
0	33	1260	6	3300	1470	0.121	1
0	34	1140	8	1439	19992	327.25	0
0	20	840	33	3300	1470	0.121	1
0	30	1260	36	5040	1470	0.121	1
0	30	1260	43	3600	1470	0.121	1
0	17	1320	33	3360	1470	0.473	1
0	6	1320	20	3660	1470	0.121	1
0	30	1260	45	5040	1470	0.121	1
0	44	900	7	1020	1470	0.308	1
0	32	1380	18	1860	1470	0.121	1
0	26	1200	8	1410	1470	0.121	1
0	25	1200	44	1800	19992	302.5	0
0	17	1200	46	2400	19992	1512.5	0
0	32	30	33	480	1470	0.121	1
0	6	1320	18	3300	1470	0.121	1
0	33	1140	45	5040	1470	0.121	1
0	44	1200	25	1800	19992	759	0
0	44	1200	21	1800	19992	759	0
0	16	1050	30	1830	19992	825	0
0	18	1320	13	1860	1470	0.121	1
0	8	180	26	450	1470	0.121	1
0	6	1320	30	3360	1470	0.121	1
0	18	1290	20	3660	1470	0.121	1
0	18	1290	45	5040	1470	0.121	1
0	6	1320	45	6480	1470	0.121	1
0	44	1200	8	2460	19992	1705	0
0	18	1290	32	1500	1470	0.121	1
0	2	1260	8	1439	19992	291.5	0
0	18	1290	43	3600	1470	0.121	1
0	45	900	33	4800	1470	0.121	1
0	45	900	40	3600	1470	0.121	1
0	33	1260	30	1860	1470	0.121	1
0	18	1290	36	5040	1470	0.121	1
0	33	1260	13	1920	1470	0.121	1
0	6	1320	43	5040	1470	0.121	1
0	33	1140	40	1860	1470	0.121	1
0	24	480	44	3780	19992	528	0
0	45	900	18	4740	1470	0.121	1
0	33	1140	43	3600	1470	0.121	1
0	33	1140	36	5040	1470	0.121	1
0	18	1320	30	1800	1470	0.121	1
0	40	1260	30	1860	1470	0.121	1
0	33	1140	32	1860	1470	0.121	1
0	8	420	22	600	1470	0.121	1
0	36	900	18	4740	1470	0.121	1
0	43	900	13	3360	1470	0.121	1
0	36	900	30	4740	1470	0.121	1
0	32	1380	6	3300	1470	0.121	1
0	36	900	33	4800	1470	0.121	1
0	22	1020	8	1200	1470	0.121	1
0	40	1200	20	2220	1470	0.121	1
0	18	1290	40	1860	1470	0.121	1
0	32	1380	13	1920	1470	0.121	1
0	18	1320	6	3300	1470	0.121	1
0	17	1200	35	1920	19992	715	0
0	20	840	6	4080	1470	0.121	1
0	6	1320	32	3180	1470	0.121	1
0	17	1140	8	1500	19992	343.75	0
1	40	2700	13	3360	1470	0.121	1
1	6	2760	32	4620	1470	0.121	1
1	2	2700	8	2879	19992	291.5	0
1	40	2280	45	5040	1470	0.121	1
1	36	2340	33	6240	1470	0.121	1
1	40	2280	43	3600	1470	0.121	1
1	20	2280	2	4740	19992	2420	0
1	44	2340	7	2460	1470	0.308	1
1	40	2640	20	3660	1470	0.121	1
1	19	2640	44	3240	1470	0.165	1
1	36	2340	13	6240	1470	0.121	1
1	40	2280	36	5040	1470	0.121	1
1	40	2670	33	3360	1470	0.121	1
1	33	2580	45	6480	1470	0.121	1
1	2	2625	8	2805	19992	291.5	0
1	18	1440	33	1920	1470	0.121	1
1	20	2280	13	4800	1470	0.121	1
1	34	2580	8	2879	19992	327.25	0
1	18	2760	30	3240	1470	0.121	1
1	6	2760	13	3360	1470	0.121	1
1	18	2730	40	3300	1470	0.121	1
1	18	2730	36	6480	1470	0.121	1
1	33	2700	13	3360	1470	0.121	1
1	18	2760	6	4740	1470	0.121	1
1	32	2820	13	3360	1470	0.121	1
1	36	2340	30	6180	1470	0.121	1
1	32	1500	45	5040	1470	0.121	1
1	32	1500	43	3600	1470	0.121	1
1	20	2280	30	4740	1470	0.121	1
1	6	2760	18	4740	1470	0.121	1
1	32	1500	20	3660	1470	0.121	1
1	17	2520	42	6360	4700	1234.2	0
1	17	2520	36	6360	2180	544.5	0
1	30	2700	32	2940	1470	0.121	1
1	8	2159	44	3780	1470	0.418	1
1	30	2700	40	3300	1470	0.121	1
1	30	2700	20	5100	1470	0.121	1
1	30	2700	6	3960	1470	0.121	1
1	44	2640	19	3240	19992	357.5	0
1	17	2520	6	3360	1470	0.374	1
1	20	2280	6	5520	1470	0.121	1
1	43	2340	30	4740	1470	0.121	1
1	32	1500	40	1860	1470	0.121	1
1	17	2580	9	3360	19992	440	0
1	40	2700	18	3300	1470	0.121	1
1	8	1620	27	2280	8820	715	0
1	8	1680	2	1860	19992	291.5	0
1	18	2730	32	2940	1470	0.121	1
1	40	2700	32	2940	1470	0.121	1
1	15	2640	8	2850	19992	343.75	0
1	8	1560	15	1860	19992	343.75	0
1	17	2640	46	3840	19992	1512.5	0
1	41	2640	44	3240	19992	467.5	0
1	18	2760	13	3300	1470	0.121	1
1	40	2700	30	3300	1470	0.121	1
1	6	2760	30	4800	1470	0.121	1
1	18	2730	43	5040	1470	0.121	1
1	8	1860	22	2040	1470	0.121	1
1	33	2700	30	3300	1470	0.121	1
1	25	2640	44	3240	19992	302.5	0
1	36	2340	18	6180	1470	0.121	1
1	36	2340	40	5040	1470	0.121	1
1	33	2700	6	4740	1470	0.121	1
1	6	2760	36	7920	1470	0.121	1
1	44	2100	10	2280	1470	0.253	1
1	20	2280	40	3300	1470	0.121	1
1	45	2340	31	3960	19992	291.5	0
1	24	1920	44	5220	19992	528	0
1	43	2340	13	4800	1470	0.121	1
1	20	2280	33	4740	1470	0.121	1
1	44	2460	11	3360	1470	0.253	1
1	22	2460	8	2640	1470	0.121	1
1	43	2340	33	4800	1470	0.121	1
1	45	2340	18	6180	1470	0.121	1
1	45	2340	30	6180	1470	0.121	1
1	45	2340	13	6240	1470	0.121	1
1	33	2580	20	5100	1470	0.121	1
1	6	2760	33	4800	1470	0.121	1
1	29	2580	8	5340	1470	0.231	1
1	40	2700	6	4740	1470	0.121	1
1	30	2700	33	3360	1470	0.121	1
1	30	2700	36	6480	1470	0.121	1
1	44	2460	47	3480	1470	0.363	1
1	32	2820	18	3300	1470	0.121	1
1	32	1500	36	5040	1470	0.121	1
1	30	2700	43	5040	1470	0.121	1
1	6	2760	43	6480	1470	0.121	1
1	44	2640	8	3900	19992	1705	0
1	33	2580	43	5040	1470	0.121	1
1	18	2730	20	5100	1470	0.121	1
1	8	1620	26	1890	1470	0.121	1
1	17	2580	8	2940	19992	343.75	0
1	18	2730	45	6480	1470	0.121	1
1	33	2580	32	3300	1470	0.121	1
1	32	1470	33	1920	1470	0.121	1
1	16	2490	30	3270	19992	825	0
1	44	2640	41	3240	19992	467.5	0
1	45	2340	33	6240	1470	0.121	1
1	44	2460	39	5400	1470	0.594	1
1	6	2760	45	7920	1470	0.121	1
1	2	2610	13	3390	19992	2282.5	0
1	45	2340	40	5040	1470	0.121	1
1	5	1680	8	2460	19992	682	0
1	17	2460	13	3360	1470	0.374	1
1	30	1920	8	2850	19992	1303.5	0
1	8	2760	23	6180	2940	757.9	0
1	30	2700	18	3240	1470	0.121	1
1	17	2640	35	3360	19992	715	0
1	8	1680	14	2340	19992	1034	0
1	2	2370	20	4800	19992	4042.5	0
1	30	2700	45	6480	1470	0.121	1
1	8	1560	17	1920	19992	343.75	0
1	17	2520	45	6360	4470	1281.5	0
1	43	2340	40	3600	1470	0.121	1
1	33	2580	36	6480	1470	0.121	1
1	21	2640	44	3240	19992	759	0
1	32	2820	6	4740	1470	0.121	1
1	32	2700	30	3300	1470	0.121	1
1	33	2580	40	3300	1470	0.121	1
1	8	1590	34	1860	19992	327.25	0
1	2	2610	30	3480	19992	2282.5	0
1	30	2730	13	2790	1470	0.121	1
1	26	2640	8	2850	1470	0.121	1
1	43	2340	18	4740	1470	0.121	1
1	44	2640	21	3240	19992	759	0
1	44	2640	25	3240	19992	759	0
1	6	2760	20	5100	1470	0.121	1
1	6	2760	40	4740	1470	0.121	1
1	43	2340	40	3600	1470	0.121	1
1	2	2625	8	2805	19992	291.5	0
1	15	2640	8	2850	19992	343.75	0
1	43	2340	13	4800	1470	0.121	1
1	20	2280	2	4740	19992	2420	0
1	43	2340	30	4740	1470	0.121	1
1	20	2280	33	4740	1470	0.121	1
1	43	2340	33	4800	1470	0.121	1
1	21	2640	44	3240	19992	759	0
1	43	2340	18	4740	1470	0.121	1
1	6	2760	40	4740	1470	0.121	1
1	44	2460	47	3480	1470	0.363	1
1	22	2460	8	2640	1470	0.121	1
1	44	2460	39	5400	1470	0.594	1
1	6	2760	45	7920	1470	0.121	1
1	24	1920	44	5220	19992	528	0
1	17	2580	8	2940	19992	343.75	0
1	44	2340	7	2460	1470	0.308	1
1	25	2640	44	3240	19992	302.5	0
1	44	2640	8	3900	19992	1705	0
1	26	2640	8	2850	1470	0.121	1
1	17	2580	9	3360	19992	440	0
1	44	2460	11	3360	1470	0.253	1
1	17	2520	6	3360	1470	0.374	1
1	8	1680	2	1860	19992	291.5	0
1	5	1680	8	2460	19992	682	0
1	29	2580	8	5340	1470	0.231	1
1	30	2700	6	3960	1470	0.121	1
1	44	2640	21	3240	19992	759	0
1	17	2460	13	3360	1470	0.374	1
1	45	2340	13	6240	1470	0.121	1
1	45	2340	18	6180	1470	0.121	1
1	45	2340	30	6180	1470	0.121	1
1	45	2340	31	3960	19992	291.5	0
1	30	2700	18	3240	1470	0.121	1
1	6	2760	33	4800	1470	0.121	1
1	30	2700	20	5100	1470	0.121	1
1	30	2700	32	2940	1470	0.121	1
1	8	1680	14	2340	19992	1034	0
1	30	2700	33	3360	1470	0.121	1
1	17	2640	35	3360	19992	715	0
1	30	2700	40	3300	1470	0.121	1
1	30	2700	43	5040	1470	0.121	1
1	8	1560	15	1860	19992	343.75	0
1	30	2700	45	6480	1470	0.121	1
1	32	2820	18	3300	1470	0.121	1
1	6	2760	20	5100	1470	0.121	1
1	32	1500	20	3660	1470	0.121	1
1	17	2520	45	6360	4470	1281.5	0
1	32	1470	33	1920	1470	0.121	1
1	17	2640	46	3840	19992	1512.5	0
1	8	1560	17	1920	19992	343.75	0
1	2	2370	20	4800	19992	4042.5	0
1	32	1500	40	1860	1470	0.121	1
1	18	2760	6	4740	1470	0.121	1
1	32	1500	43	3600	1470	0.121	1
1	18	2760	13	3300	1470	0.121	1
1	6	2760	18	4740	1470	0.121	1
1	8	1620	26	1890	1470	0.121	1
1	32	2700	30	3300	1470	0.121	1
1	18	2730	20	5100	1470	0.121	1
1	6	2760	30	4800	1470	0.121	1
1	45	2340	33	6240	1470	0.121	1
1	32	2820	6	4740	1470	0.121	1
1	33	2580	20	5100	1470	0.121	1
1	18	2730	43	5040	1470	0.121	1
1	8	1860	22	2040	1470	0.121	1
1	33	2580	36	6480	1470	0.121	1
1	16	2490	30	3270	19992	825	0
1	33	2700	13	3360	1470	0.121	1
1	33	2700	30	3300	1470	0.121	1
1	30	2730	13	2790	1470	0.121	1
1	33	2580	32	3300	1470	0.121	1
1	2	2610	30	3480	19992	2282.5	0
1	33	2580	40	3300	1470	0.121	1
1	33	2580	43	5040	1470	0.121	1
1	18	2730	40	3300	1470	0.121	1
1	6	2760	43	6480	1470	0.121	1
1	33	2580	45	6480	1470	0.121	1
1	33	2700	6	4740	1470	0.121	1
1	8	1620	27	2280	8820	715	0
1	40	2700	32	2940	1470	0.121	1
1	36	2340	13	6240	1470	0.121	1
1	36	2340	18	6180	1470	0.121	1
1	6	2760	13	3360	1470	0.121	1
1	36	2340	40	5040	1470	0.121	1
1	36	2340	33	6240	1470	0.121	1
1	40	2640	20	3660	1470	0.121	1
1	19	2640	44	3240	1470	0.165	1
1	6	2760	36	7920	1470	0.121	1
1	8	2760	23	6180	2940	757.9	0
1	40	2700	30	3300	1470	0.121	1
1	20	2280	13	4800	1470	0.121	1
1	40	2280	45	5040	1470	0.121	1
1	40	2700	18	3300	1470	0.121	1
1	20	2280	30	4740	1470	0.121	1
1	2	2610	13	3390	19992	2282.5	0
1	40	2280	43	3600	1470	0.121	1
1	20	2280	6	5520	1470	0.121	1
1	40	2280	36	5040	1470	0.121	1
1	40	2670	33	3360	1470	0.121	1
1	20	2280	40	3300	1470	0.121	1
1	6	2760	32	4620	1470	0.121	1
1	41	2640	44	3240	19992	467.5	0
1	40	2700	6	4740	1470	0.121	1
1	40	2700	13	3360	1470	0.121	1
1	8	2159	44	3780	1470	0.418	1
1	2	2700	8	2879	19992	291.5	0
1	18	1440	33	1920	1470	0.121	1
1	36	2340	30	6180	1470	0.121	1
1	34	2580	8	2879	19992	327.25	0
1	18	2760	30	3240	1470	0.121	1
1	18	2730	45	6480	1470	0.121	1
1	18	2730	36	6480	1470	0.121	1
1	32	2820	13	3360	1470	0.121	1
1	32	1500	45	5040	1470	0.121	1
1	32	1500	36	5040	1470	0.121	1
1	8	1590	34	1860	19992	327.25	0
1	17	2520	42	6360	4700	1234.2	0
1	17	2520	36	6360	2180	544.5	0
1	30	2700	36	6480	1470	0.121	1
1	18	2730	32	2940	1470	0.121	1
1	45	2340	40	5040	1470	0.121	1
1	30	1920	8	2850	19992	1303.5	0
1	44	2640	19	3240	19992	357.5	0
1	44	2100	10	2280	1470	0.253	1
1	44	2640	25	3240	19992	759	0
1	44	2640	41	3240	19992	467.5	0
2	18	4170	43	6480	1470	0.121	1
2	18	4170	45	7920	1470	0.121	1
2	18	4170	40	4740	1470	0.121	1
2	36	3780	18	7620	1470	0.121	1
2	18	2880	33	3360	1470	0.121	1
2	19	4080	44	4680	1470	0.165	1
2	40	3720	45	6480	1470	0.121	1
2	20	3720	6	6960	1470	0.121	1
2	43	3780	30	6180	1470	0.121	1
2	20	3720	40	4740	1470	0.121	1
2	21	4080	44	4680	19992	759	0
2	36	3780	13	7680	1470	0.121	1
2	6	4200	43	7920	1470	0.121	1
2	40	4140	6	6180	1470	0.121	1
2	6	4200	32	6060	1470	0.121	1
2	40	3720	36	6480	1470	0.121	1
2	6	4200	36	9360	1470	0.121	1
2	36	3780	40	6480	1470	0.121	1
2	41	4080	44	4680	19992	467.5	0
2	8	3000	28	4920	8820	1454.2	0
2	40	4110	33	4800	1470	0.121	1
2	33	4020	40	4740	1470	0.121	1
2	44	4080	41	4680	19992	467.5	0
2	32	2940	45	6480	1470	0.121	1
2	32	2910	33	3360	1470	0.121	1
2	17	4080	46	5280	19992	1512.5	0
2	22	3900	8	4080	1470	0.121	1
2	17	4080	35	4800	19992	715	0
2	30	4140	40	4740	1470	0.121	1
2	8	3120	14	3780	19992	1034	0
2	43	3780	13	6240	1470	0.121	1
2	20	3720	13	6240	1470	0.121	1
2	5	3120	8	3900	19992	682	0
2	40	4140	18	4740	1470	0.121	1
2	40	4080	20	5100	1470	0.121	1
2	17	4200	30	4800	1470	0.374	1
2	6	4200	45	9360	1470	0.121	1
2	30	4170	13	4230	1470	0.121	1
2	40	3720	43	5040	1470	0.121	1
2	17	3840	20	6360	1470	0.506	1
2	33	4020	36	7920	1470	0.121	1
2	44	4080	21	4680	19992	759	0
2	30	4140	6	5400	1470	0.121	1
2	8	3120	2	3300	19992	291.5	0
2	33	4020	32	4740	1470	0.121	1
2	6	4200	40	6180	1470	0.121	1
2	40	4140	13	4800	1470	0.121	1
2	40	4140	30	4740	1470	0.121	1
2	36	3780	33	7680	1470	0.121	1
2	44	3780	7	3900	1470	0.308	1
2	20	3720	30	6180	1470	0.121	1
2	6	4200	13	4800	1470	0.121	1
2	34	4020	8	4319	19992	327.25	0
2	40	4140	32	4380	1470	0.121	1
2	18	4170	32	4380	1470	0.121	1
2	33	4140	6	6180	1470	0.121	1
2	18	4200	30	4680	1470	0.121	1
2	36	3780	30	7620	1470	0.121	1
2	33	4020	43	6480	1470	0.121	1
2	8	3120	29	4920	8820	1375	0
2	8	3030	34	3300	19992	327.25	0
2	33	4020	45	7920	1470	0.121	1
2	44	4080	25	4680	19992	759	0
2	25	4080	44	4680	19992	302.5	0
2	24	3360	44	6660	19992	528	0
2	8	3300	22	3480	1470	0.121	1
2	26	4080	8	4290	1470	0.121	1
2	6	4200	30	6240	1470	0.121	1
2	33	4020	20	6540	1470	0.121	1
2	18	4170	36	7920	1470	0.121	1
2	18	4170	20	6540	1470	0.121	1
2	44	3900	46	4920	1470	0.407	1
2	8	3060	26	3330	1470	0.121	1
2	43	3780	18	6180	1470	0.121	1
2	44	3900	12	6240	1470	0.583	1
2	33	4140	30	4740	1470	0.121	1
2	32	4260	6	6180	1470	0.121	1
2	32	2940	40	3300	1470	0.121	1
2	6	4200	20	6540	1470	0.121	1
2	20	3720	33	6180	1470	0.121	1
2	44	4080	8	5340	19992	1705	0
2	32	2940	43	5040	1470	0.121	1
2	45	3780	18	7620	1470	0.121	1
2	45	3780	30	7620	1470	0.121	1
2	8	3000	15	3300	19992	343.75	0
2	15	4080	8	4290	19992	343.75	0
2	33	4140	13	4800	1470	0.121	1
2	43	3780	33	6240	1470	0.121	1
2	2	4140	8	4319	19992	291.5	0
2	32	2940	20	5100	1470	0.121	1
2	43	3780	40	5040	1470	0.121	1
2	16	3930	30	4710	19992	825	0
2	30	4140	32	4380	1470	0.121	1
2	44	3900	24	4800	1470	0.308	1
2	17	4020	8	4380	19992	343.75	0
2	44	3900	11	4800	1470	0.253	1
2	30	4140	36	7920	1470	0.121	1
2	44	3540	10	3720	1470	0.253	1
2	44	4080	19	4680	19992	357.5	0
2	17	4200	18	5160	1470	0.44	1
2	45	3780	13	7680	1470	0.121	1
2	45	3780	40	6480	1470	0.121	1
2	2	4065	8	4245	19992	291.5	0
2	45	3780	33	7680	1470	0.121	1
2	30	4140	18	4680	1470	0.121	1
2	30	4140	20	6540	1470	0.121	1
2	6	4200	33	6240	1470	0.121	1
2	30	4140	33	4800	1470	0.121	1
2	17	4200	33	6240	1470	0.473	1
2	30	4140	43	6480	1470	0.121	1
2	30	4140	45	7920	1470	0.121	1
2	17	4200	40	5520	1470	0.462	1
2	32	4260	18	4740	1470	0.121	1
2	8	3000	17	3360	19992	343.75	0
2	32	2940	36	6480	1470	0.121	1
2	18	4200	6	6180	1470	0.121	1
2	18	4200	13	4740	1470	0.121	1
2	32	4260	13	4800	1470	0.121	1
2	8	3599	44	5220	1470	0.418	1
2	32	4140	30	4740	1470	0.121	1
2	6	4200	18	6180	1470	0.121	1
2	44	3900	24	4800	1470	0.308	1
2	44	4080	41	4680	19992	467.5	0
2	16	3930	30	4710	19992	825	0
2	44	3900	46	4920	1470	0.407	1
2	43	3780	40	5040	1470	0.121	1
2	43	3780	33	6240	1470	0.121	1
2	44	4080	25	4680	19992	759	0
2	6	4200	45	9360	1470	0.121	1
2	21	4080	44	4680	19992	759	0
2	6	4200	32	6060	1470	0.121	1
2	17	4020	8	4380	19992	343.75	0
2	15	4080	8	4290	19992	343.75	0
2	44	3900	12	6240	1470	0.583	1
2	44	4080	19	4680	19992	357.5	0
2	44	3900	11	4800	1470	0.253	1
2	20	3720	40	4740	1470	0.121	1
2	40	3720	36	6480	1470	0.121	1
2	8	3120	2	3300	19992	291.5	0
2	44	3540	10	3720	1470	0.253	1
2	40	4140	6	6180	1470	0.121	1
2	40	3720	43	5040	1470	0.121	1
2	5	3120	8	3900	19992	682	0
2	20	3720	6	6960	1470	0.121	1
2	25	4080	44	4680	19992	302.5	0
2	6	4200	36	9360	1470	0.121	1
2	40	4140	30	4740	1470	0.121	1
2	40	4140	13	4800	1470	0.121	1
2	20	3720	13	6240	1470	0.121	1
2	19	4080	44	4680	1470	0.165	1
2	40	4140	18	4740	1470	0.121	1
2	36	3780	40	6480	1470	0.121	1
2	18	2880	33	3360	1470	0.121	1
2	8	3000	28	4920	8820	1454.2	0
2	45	3780	13	7680	1470	0.121	1
2	8	3120	14	3780	19992	1034	0
2	6	4200	43	7920	1470	0.121	1
2	33	4140	6	6180	1470	0.121	1
2	18	4170	40	4740	1470	0.121	1
2	18	4170	45	7920	1470	0.121	1
2	33	4020	32	4740	1470	0.121	1
2	36	3780	13	7680	1470	0.121	1
2	33	4020	40	4740	1470	0.121	1
2	33	4140	30	4740	1470	0.121	1
2	18	4170	43	6480	1470	0.121	1
2	33	4020	20	6540	1470	0.121	1
2	33	4020	36	7920	1470	0.121	1
2	2	4065	8	4245	19992	291.5	0
2	6	4200	18	6180	1470	0.121	1
2	32	4140	30	4740	1470	0.121	1
2	32	4260	13	4800	1470	0.121	1
2	18	4200	13	4740	1470	0.121	1
2	32	2940	45	6480	1470	0.121	1
2	30	4140	40	4740	1470	0.121	1
2	32	2940	36	6480	1470	0.121	1
2	32	2910	33	3360	1470	0.121	1
2	32	4260	18	4740	1470	0.121	1
2	43	3780	13	6240	1470	0.121	1
2	43	3780	30	6180	1470	0.121	1
2	2	4140	8	4319	19992	291.5	0
2	20	3720	33	6180	1470	0.121	1
2	43	3780	18	6180	1470	0.121	1
2	22	3900	8	4080	1470	0.121	1
2	6	4200	40	6180	1470	0.121	1
2	24	3360	44	6660	19992	528	0
2	44	3780	7	3900	1470	0.308	1
2	44	4080	8	5340	19992	1705	0
2	26	4080	8	4290	1470	0.121	1
2	30	4140	45	7920	1470	0.121	1
2	30	4140	6	5400	1470	0.121	1
2	44	4080	21	4680	19992	759	0
2	30	4140	43	6480	1470	0.121	1
2	45	3780	18	7620	1470	0.121	1
2	17	4200	18	5160	1470	0.44	1
2	30	4140	18	4680	1470	0.121	1
2	17	3840	20	6360	1470	0.506	1
2	30	4140	32	4380	1470	0.121	1
2	30	4140	33	4800	1470	0.121	1
2	17	4080	35	4800	19992	715	0
2	30	4140	36	7920	1470	0.121	1
2	8	3000	15	3300	19992	343.75	0
2	17	4200	40	5520	1470	0.462	1
2	32	2940	20	5100	1470	0.121	1
2	17	4080	46	5280	19992	1512.5	0
2	8	3000	17	3360	19992	343.75	0
2	6	4200	20	6540	1470	0.121	1
2	32	2940	40	3300	1470	0.121	1
2	18	4200	6	6180	1470	0.121	1
2	32	2940	43	5040	1470	0.121	1
2	8	3060	26	3330	1470	0.121	1
2	18	4170	20	6540	1470	0.121	1
2	32	4260	6	6180	1470	0.121	1
2	6	4200	30	6240	1470	0.121	1
2	8	3300	22	3480	1470	0.121	1
2	33	4140	13	4800	1470	0.121	1
2	18	4170	36	7920	1470	0.121	1
2	8	3030	34	3300	19992	327.25	0
2	33	4020	43	6480	1470	0.121	1
2	33	4020	45	7920	1470	0.121	1
2	18	4200	30	4680	1470	0.121	1
2	34	4020	8	4319	19992	327.25	0
2	18	4170	32	4380	1470	0.121	1
2	36	3780	18	7620	1470	0.121	1
2	36	3780	30	7620	1470	0.121	1
2	36	3780	33	7680	1470	0.121	1
2	40	4080	20	5100	1470	0.121	1
2	6	4200	13	4800	1470	0.121	1
2	8	3120	29	4920	8820	1375	0
2	40	4140	32	4380	1470	0.121	1
2	40	3720	45	6480	1470	0.121	1
2	20	3720	30	6180	1470	0.121	1
2	8	3599	44	5220	1470	0.418	1
2	40	4110	33	4800	1470	0.121	1
2	41	4080	44	4680	19992	467.5	0
2	17	4200	30	4800	1470	0.374	1
2	45	3780	33	7680	1470	0.121	1
2	30	4170	13	4230	1470	0.121	1
2	6	4200	33	6240	1470	0.121	1
2	30	4140	20	6540	1470	0.121	1
2	45	3780	40	6480	1470	0.121	1
2	17	4200	33	6240	1470	0.473	1
2	45	3780	30	7620	1470	0.121	1
3	20	5160	2	7620	19992	2420	0
3	44	5520	3	10680	19992	2376	0
3	2	5505	8	5685	19992	291.5	0
3	40	5160	36	7920	1470	0.121	1
3	40	5160	45	7920	1470	0.121	1
3	40	5550	33	6240	1470	0.121	1
3	19	5520	44	6120	1470	0.165	1
3	6	5640	36	10800	1470	0.121	1
3	18	5610	32	5820	1470	0.121	1
3	18	5640	30	6120	1470	0.121	1
3	33	5460	40	6180	1470	0.121	1
3	8	4470	34	4740	19992	327.25	0
3	33	5460	32	6180	1470	0.121	1
3	33	5460	45	9360	1470	0.121	1
3	8	4740	22	4920	1470	0.121	1
3	6	5640	30	7680	1470	0.121	1
3	32	5700	6	7620	1470	0.121	1
3	33	5460	20	7980	1470	0.121	1
3	6	5640	32	7500	1470	0.121	1
3	40	5580	18	6180	1470	0.121	1
3	18	5610	43	7920	1470	0.121	1
3	18	5640	6	7620	1470	0.121	1
3	6	5640	20	7980	1470	0.121	1
3	43	5220	33	7680	1470	0.121	1
3	32	4380	36	7920	1470	0.121	1
3	22	5340	8	5520	1470	0.121	1
3	6	5640	13	6240	1470	0.121	1
3	44	5340	47	6360	1470	0.363	1
3	15	5520	8	5730	19992	343.75	0
3	30	5580	45	9360	1470	0.121	1
3	30	5580	43	7920	1470	0.121	1
3	32	4350	33	4800	1470	0.121	1
3	30	5610	13	5670	1470	0.121	1
3	44	5520	41	6120	19992	467.5	0
3	17	5520	35	6240	19992	715	0
3	30	5580	36	9360	1470	0.121	1
3	2	5490	13	6270	19992	2282.5	0
3	24	4800	44	8100	19992	528	0
3	32	5700	13	6240	1470	0.121	1
3	8	4560	14	5220	19992	1034	0
3	30	5580	33	6240	1470	0.121	1
3	6	5640	40	7620	1470	0.121	1
3	30	5580	20	7980	1470	0.121	1
3	43	5220	30	7620	1470	0.121	1
3	30	5580	18	6120	1470	0.121	1
3	43	5220	40	6480	1470	0.121	1
3	44	5520	19	6120	19992	357.5	0
3	44	5520	25	6120	19992	759	0
3	16	5370	30	6150	19992	825	0
3	6	5640	33	7680	1470	0.121	1
3	17	5340	13	6240	1470	0.374	1
3	44	5520	8	6780	19992	1705	0
3	26	5520	8	5730	1470	0.121	1
3	30	5580	6	6840	1470	0.121	1
3	17	5460	9	6240	19992	440	0
3	41	5520	44	6120	19992	467.5	0
3	44	4980	10	5160	1470	0.253	1
3	17	5400	6	6240	1470	0.374	1
3	25	5520	44	6120	19992	302.5	0
3	2	5580	8	5759	19992	291.5	0
3	44	5340	11	6240	1470	0.253	1
3	44	5520	21	6120	19992	759	0
3	30	5580	32	5820	1470	0.121	1
3	30	4800	8	5730	19992	1303.5	0
3	5	4560	8	5340	19992	682	0
3	6	5640	45	10800	1470	0.121	1
3	44	5220	7	5340	1470	0.308	1
3	17	5460	8	5820	19992	343.75	0
3	30	5580	40	6180	1470	0.121	1
3	8	4440	15	4740	19992	343.75	0
3	32	5700	18	6180	1470	0.121	1
3	32	4380	20	6540	1470	0.121	1
3	43	5220	18	7620	1470	0.121	1
3	17	5520	46	6720	19992	1512.5	0
3	8	4440	17	4800	19992	343.75	0
3	32	4380	40	4740	1470	0.121	1
3	32	4380	43	6480	1470	0.121	1
3	32	4380	45	7920	1470	0.121	1
3	18	5640	13	6180	1470	0.121	1
3	8	4500	26	4770	1470	0.121	1
3	18	5610	20	7980	1470	0.121	1
3	33	5460	43	7920	1470	0.121	1
3	6	5640	18	7620	1470	0.121	1
3	43	5220	13	7680	1470	0.121	1
3	33	5460	36	9360	1470	0.121	1
3	21	5520	44	6120	19992	759	0
3	18	5610	36	9360	1470	0.121	1
3	8	4560	2	4740	19992	291.5	0
3	33	5580	30	6180	1470	0.121	1
3	33	5580	13	6240	1470	0.121	1
3	18	5610	45	9360	1470	0.121	1
3	20	5160	33	7620	1470	0.121	1
3	18	5610	40	6180	1470	0.121	1
3	33	5580	6	7620	1470	0.121	1
3	8	4500	27	5160	8820	715	0
3	6	5640	43	9360	1470	0.121	1
3	34	5460	8	5759	19992	327.25	0
3	8	5039	44	6660	1470	0.418	1
3	8	4440	28	6360	8820	1454.2	0
3	18	4320	33	4800	1470	0.121	1
3	40	5520	20	6540	1470	0.121	1
3	40	5580	13	6240	1470	0.121	1
3	40	5580	30	6180	1470	0.121	1
3	20	5160	13	7680	1470	0.121	1
3	8	4560	29	6360	8820	1375	0
3	40	5580	32	5820	1470	0.121	1
3	20	5160	30	7620	1470	0.121	1
3	40	5580	6	7620	1470	0.121	1
3	40	5160	43	6480	1470	0.121	1
3	32	5580	30	6180	1470	0.121	1
3	20	5160	6	8400	1470	0.121	1
3	20	5160	40	6180	1470	0.121	1
3	40	5580	18	6180	1470	0.121	1
3	40	5520	20	6540	1470	0.121	1
3	19	5520	44	6120	1470	0.165	1
3	40	5580	13	6240	1470	0.121	1
3	40	5550	33	6240	1470	0.121	1
3	40	5580	30	6180	1470	0.121	1
3	20	5160	13	7680	1470	0.121	1
3	8	4560	29	6360	8820	1375	0
3	6	5640	36	10800	1470	0.121	1
3	40	5580	32	5820	1470	0.121	1
3	40	5160	45	7920	1470	0.121	1
3	20	5160	30	7620	1470	0.121	1
3	40	5160	36	7920	1470	0.121	1
3	40	5580	6	7620	1470	0.121	1
3	20	5160	6	8400	1470	0.121	1
3	40	5160	43	6480	1470	0.121	1
3	20	5160	40	6180	1470	0.121	1
3	43	5220	13	7680	1470	0.121	1
3	20	5160	2	7620	19992	2420	0
3	44	5520	3	10680	19992	2376	0
3	2	5505	8	5685	19992	291.5	0
3	43	5220	30	7620	1470	0.121	1
3	6	5640	32	7500	1470	0.121	1
3	6	5640	13	6240	1470	0.121	1
3	43	5220	33	7680	1470	0.121	1
3	43	5220	40	6480	1470	0.121	1
3	43	5220	18	7620	1470	0.121	1
3	30	5610	13	5670	1470	0.121	1
3	44	5340	47	6360	1470	0.363	1
3	16	5370	30	6150	19992	825	0
3	22	5340	8	5520	1470	0.121	1
3	17	5340	13	6240	1470	0.374	1
3	44	5520	41	6120	19992	467.5	0
3	24	4800	44	8100	19992	528	0
3	30	4800	8	5730	19992	1303.5	0
3	44	5520	25	6120	19992	759	0
3	6	5640	40	7620	1470	0.121	1
3	30	5580	6	6840	1470	0.121	1
3	17	5460	8	5820	19992	343.75	0
3	25	5520	44	6120	19992	302.5	0
3	44	5520	8	6780	19992	1705	0
3	41	5520	44	6120	19992	467.5	0
3	17	5460	9	6240	19992	440	0
3	44	4980	10	5160	1470	0.253	1
3	26	5520	8	5730	1470	0.121	1
3	17	5400	6	6240	1470	0.374	1
3	44	5520	19	6120	19992	357.5	0
3	2	5580	8	5759	19992	291.5	0
3	8	4560	2	4740	19992	291.5	0
3	44	5340	11	6240	1470	0.253	1
3	30	5580	18	6120	1470	0.121	1
3	44	5520	21	6120	19992	759	0
3	30	5580	20	7980	1470	0.121	1
3	30	5580	32	5820	1470	0.121	1
3	6	5640	33	7680	1470	0.121	1
3	5	4560	8	5340	19992	682	0
3	8	4560	14	5220	19992	1034	0
3	30	5580	33	6240	1470	0.121	1
3	30	5580	36	9360	1470	0.121	1
3	6	5640	45	10800	1470	0.121	1
3	17	5520	35	6240	19992	715	0
3	44	5220	7	5340	1470	0.308	1
3	2	5490	13	6270	19992	2282.5	0
3	30	5580	40	6180	1470	0.121	1
3	30	5580	43	7920	1470	0.121	1
3	8	4440	15	4740	19992	343.75	0
3	30	5580	45	9360	1470	0.121	1
3	32	5700	18	6180	1470	0.121	1
3	15	5520	8	5730	19992	343.75	0
3	32	4380	20	6540	1470	0.121	1
3	32	4350	33	4800	1470	0.121	1
3	17	5520	46	6720	19992	1512.5	0
3	32	4380	36	7920	1470	0.121	1
3	8	4440	17	4800	19992	343.75	0
3	6	5640	20	7980	1470	0.121	1
3	32	4380	40	4740	1470	0.121	1
3	18	5640	6	7620	1470	0.121	1
3	32	4380	43	6480	1470	0.121	1
3	32	4380	45	7920	1470	0.121	1
3	18	5640	13	6180	1470	0.121	1
3	32	5700	13	6240	1470	0.121	1
3	8	4500	26	4770	1470	0.121	1
3	32	5580	30	6180	1470	0.121	1
3	18	5610	20	7980	1470	0.121	1
3	32	5700	6	7620	1470	0.121	1
3	33	5460	20	7980	1470	0.121	1
3	18	5610	43	7920	1470	0.121	1
3	33	5460	43	7920	1470	0.121	1
3	6	5640	30	7680	1470	0.121	1
3	6	5640	18	7620	1470	0.121	1
3	33	5460	36	9360	1470	0.121	1
3	21	5520	44	6120	19992	759	0
3	8	4740	22	4920	1470	0.121	1
3	18	5610	36	9360	1470	0.121	1
3	33	5580	30	6180	1470	0.121	1
3	33	5580	13	6240	1470	0.121	1
3	33	5460	32	6180	1470	0.121	1
3	18	5610	45	9360	1470	0.121	1
3	8	4470	34	4740	19992	327.25	0
3	20	5160	33	7620	1470	0.121	1
3	33	5460	40	6180	1470	0.121	1
3	18	5610	40	6180	1470	0.121	1
3	33	5460	45	9360	1470	0.121	1
3	33	5580	6	7620	1470	0.121	1
3	18	5640	30	6120	1470	0.121	1
3	8	4500	27	5160	8820	715	0
3	6	5640	43	9360	1470	0.121	1
3	34	5460	8	5759	19992	327.25	0
3	18	5610	32	5820	1470	0.121	1
3	8	5039	44	6660	1470	0.418	1
3	8	4440	28	6360	8820	1454.2	0
3	18	4320	33	4800	1470	0.121	1
4	20	6600	33	9060	1470	0.121	1
4	30	7020	20	9420	1470	0.121	1
4	43	6660	13	9120	1470	0.121	1
4	40	7020	13	7680	1470	0.121	1
4	26	6960	8	7170	1470	0.121	1
4	25	6960	44	7560	19992	302.5	0
4	17	7080	20	10680	1470	0.506	1
4	44	6780	11	7680	1470	0.253	1
4	40	6990	33	7680	1470	0.121	1
4	22	6780	8	6960	1470	0.121	1
4	44	6780	46	7800	1470	0.407	1
4	33	6900	43	9360	1470	0.121	1
4	30	7020	6	8280	1470	0.121	1
4	6	7080	30	9120	1470	0.121	1
4	44	6420	10	6600	1470	0.253	1
4	44	6660	7	6780	1470	0.308	1
4	44	6960	21	7560	19992	759	0
4	6	7080	33	9120	1470	0.121	1
4	17	6840	42	10680	4700	1234.2	0
4	20	6600	6	9840	1470	0.121	1
4	43	6660	18	9060	1470	0.121	1
4	18	7050	36	10800	1470	0.121	1
4	43	6660	33	9120	1470	0.121	1
4	30	7050	13	7110	1470	0.121	1
4	21	6960	44	7560	19992	759	0
4	17	6900	8	7260	19992	343.75	0
4	19	6960	44	7560	1470	0.165	1
4	44	6960	8	8220	19992	1705	0
4	30	7020	45	10800	1470	0.121	1
4	8	7080	23	12060	2940	757.9	0
4	44	6960	25	7560	19992	759	0
4	8	5940	26	6210	1470	0.121	1
4	33	6900	36	10800	1470	0.121	1
4	32	5790	33	6240	1470	0.121	1
4	6	7080	40	9060	1470	0.121	1
4	44	6780	37	11160	1470	0.649	1
4	32	5820	40	6180	1470	0.121	1
4	20	6600	30	9060	1470	0.121	1
4	8	5880	15	6180	19992	343.75	0
4	33	7020	6	9060	1470	0.121	1
4	20	6600	40	7620	1470	0.121	1
4	16	6810	30	9030	19992	825	0
4	6	7080	13	7680	1470	0.121	1
4	30	7020	36	10800	1470	0.121	1
4	40	7020	6	9060	1470	0.121	1
4	40	7020	30	7620	1470	0.121	1
4	18	7050	45	10800	1470	0.121	1
4	8	5940	27	6600	8820	715	0
4	17	6960	35	7680	19992	715	0
4	30	7020	32	7260	1470	0.121	1
4	32	5820	43	7920	1470	0.121	1
4	30	7020	33	7680	1470	0.121	1
4	18	7050	32	7260	1470	0.121	1
4	6	7080	45	12240	1470	0.121	1
4	15	6960	8	7170	19992	343.75	0
4	41	6960	44	7560	19992	467.5	0
4	32	5820	45	9360	1470	0.121	1
4	29	6900	8	9240	1470	0.231	1
4	44	6780	24	7680	1470	0.308	1
4	44	6780	12	9120	1470	0.583	1
4	30	7020	18	7560	1470	0.121	1
4	33	6900	45	10800	1470	0.121	1
4	17	6840	36	10680	2180	544.5	0
4	8	6000	2	6180	19992	291.5	0
4	40	7020	18	7620	1470	0.121	1
4	18	5760	33	6240	1470	0.121	1
4	32	7140	18	7620	1470	0.121	1
4	40	7020	32	7260	1470	0.121	1
4	24	6240	44	9540	19992	528	0
4	33	7020	30	7620	1470	0.121	1
4	44	6960	41	7560	19992	467.5	0
4	17	6840	45	10680	4470	1281.5	0
4	17	6960	46	8160	19992	1512.5	0
4	8	6000	14	6660	19992	1034	0
4	20	6600	13	9120	1470	0.121	1
4	8	5910	34	6180	19992	327.25	0
4	44	6780	38	11160	1470	0.649	1
4	6	7080	18	9060	1470	0.121	1
4	33	6900	40	7620	1470	0.121	1
4	32	5820	36	9360	1470	0.121	1
4	20	6600	2	9060	19992	2420	0
4	32	7140	6	9060	1470	0.121	1
4	33	6900	32	7620	1470	0.121	1
4	6	7080	32	8940	1470	0.121	1
4	18	7050	43	9360	1470	0.121	1
4	18	7050	20	9420	1470	0.121	1
4	33	7020	13	7680	1470	0.121	1
4	6	7080	20	9420	1470	0.121	1
4	32	7140	13	7680	1470	0.121	1
4	2	6945	8	7125	19992	291.5	0
4	6	7080	36	12240	1470	0.121	1
4	44	6960	19	7560	19992	357.5	0
4	32	7020	30	7620	1470	0.121	1
4	18	7080	6	9060	1470	0.121	1
4	34	6900	8	7199	19992	327.25	0
4	18	7080	30	7560	1470	0.121	1
4	32	5820	20	7980	1470	0.121	1
4	30	7020	43	9360	1470	0.121	1
4	33	6900	20	9420	1470	0.121	1
4	44	6780	4	9720	1470	0.594	1
4	8	5880	17	6240	19992	343.75	0
4	18	7080	13	7620	1470	0.121	1
4	44	6780	39	9720	1470	0.594	1
4	43	6660	40	7920	1470	0.121	1
4	18	7050	40	7620	1470	0.121	1
4	8	6180	22	6360	1470	0.121	1
4	30	7020	40	7620	1470	0.121	1
4	43	6660	30	9060	1470	0.121	1
4	40	6960	20	7980	1470	0.121	1
4	6	7080	43	10800	1470	0.121	1
4	17	6840	36	10680	2180	544.5	0
4	32	5820	43	7920	1470	0.121	1
4	40	7020	18	7620	1470	0.121	1
4	18	5760	33	6240	1470	0.121	1
4	40	7020	13	7680	1470	0.121	1
4	8	6000	14	6660	19992	1034	0
4	32	7140	18	7620	1470	0.121	1
4	8	6000	2	6180	19992	291.5	0
4	44	6960	19	7560	19992	357.5	0
4	32	5820	20	7980	1470	0.121	1
4	25	6960	44	7560	19992	302.5	0
4	19	6960	44	7560	1470	0.165	1
4	24	6240	44	9540	19992	528	0
4	33	7020	30	7620	1470	0.121	1
4	44	6960	41	7560	19992	467.5	0
4	33	6900	43	9360	1470	0.121	1
4	17	6840	45	10680	4470	1281.5	0
4	17	6960	46	8160	19992	1512.5	0
4	40	7020	30	7620	1470	0.121	1
4	40	7020	32	7260	1470	0.121	1
4	33	7020	6	9060	1470	0.121	1
4	20	6600	13	9120	1470	0.121	1
4	8	7080	23	12060	2940	757.9	0
4	34	6900	8	7199	19992	327.25	0
4	44	6780	11	7680	1470	0.253	1
4	8	5880	17	6240	19992	343.75	0
4	44	6960	25	7560	19992	759	0
4	8	5910	34	6180	19992	327.25	0
4	22	6780	8	6960	1470	0.121	1
4	30	7020	6	8280	1470	0.121	1
4	33	6900	40	7620	1470	0.121	1
4	6	7080	30	9120	1470	0.121	1
4	43	6660	33	9120	1470	0.121	1
4	32	5820	36	9360	1470	0.121	1
4	44	6780	46	7800	1470	0.407	1
4	21	6960	44	7560	19992	759	0
4	18	7080	13	7620	1470	0.121	1
4	20	6600	2	9060	19992	2420	0
4	44	6660	7	6780	1470	0.308	1
4	44	6960	21	7560	19992	759	0
4	32	7140	6	9060	1470	0.121	1
4	17	6840	42	10680	4700	1234.2	0
4	20	6600	6	9840	1470	0.121	1
4	40	6990	33	7680	1470	0.121	1
4	44	6780	39	9720	1470	0.594	1
4	6	7080	32	8940	1470	0.121	1
4	43	6660	18	9060	1470	0.121	1
4	18	7050	36	10800	1470	0.121	1
4	18	7050	43	9360	1470	0.121	1
4	30	7050	13	7110	1470	0.121	1
4	17	6900	8	7260	19992	343.75	0
4	43	6660	40	7920	1470	0.121	1
4	18	7050	20	9420	1470	0.121	1
4	44	6960	8	8220	19992	1705	0
4	30	7020	45	10800	1470	0.121	1
4	33	7020	13	7680	1470	0.121	1
4	8	5940	26	6210	1470	0.121	1
4	33	6900	36	10800	1470	0.121	1
4	20	6600	33	9060	1470	0.121	1
4	8	6180	22	6360	1470	0.121	1
4	6	7080	20	9420	1470	0.121	1
4	32	5790	33	6240	1470	0.121	1
4	6	7080	40	9060	1470	0.121	1
4	32	7140	13	7680	1470	0.121	1
4	32	5820	40	6180	1470	0.121	1
4	20	6600	30	9060	1470	0.121	1
4	30	7020	40	7620	1470	0.121	1
4	6	7080	36	12240	1470	0.121	1
4	8	5880	15	6180	19992	343.75	0
4	20	6600	40	7620	1470	0.121	1
4	26	6960	8	7170	1470	0.121	1
4	16	6810	30	9030	19992	825	0
4	6	7080	13	7680	1470	0.121	1
4	18	7080	6	9060	1470	0.121	1
4	44	6780	37	11160	1470	0.649	1
4	43	6660	30	9060	1470	0.121	1
4	17	7080	20	10680	1470	0.506	1
4	30	7020	36	10800	1470	0.121	1
4	40	7020	6	9060	1470	0.121	1
4	6	7080	33	9120	1470	0.121	1
4	18	7050	45	10800	1470	0.121	1
4	8	5940	27	6600	8820	715	0
4	40	6960	20	7980	1470	0.121	1
4	44	6420	10	6600	1470	0.253	1
4	17	6960	35	7680	19992	715	0
4	30	7020	32	7260	1470	0.121	1
4	18	7050	40	7620	1470	0.121	1
4	30	7020	33	7680	1470	0.121	1
4	18	7050	32	7260	1470	0.121	1
4	33	6900	20	9420	1470	0.121	1
4	6	7080	43	10800	1470	0.121	1
4	44	6780	4	9720	1470	0.594	1
4	6	7080	45	12240	1470	0.121	1
4	15	6960	8	7170	19992	343.75	0
4	33	6900	32	7620	1470	0.121	1
4	41	6960	44	7560	19992	467.5	0
4	32	5820	45	9360	1470	0.121	1
4	30	7020	20	9420	1470	0.121	1
4	18	7080	30	7560	1470	0.121	1
4	29	6900	8	9240	1470	0.231	1
4	44	6780	24	7680	1470	0.308	1
4	44	6780	38	11160	1470	0.649	1
4	44	6780	12	9120	1470	0.583	1
4	30	7020	18	7560	1470	0.121	1
4	2	6945	8	7125	19992	291.5	0
4	32	7020	30	7620	1470	0.121	1
4	30	7020	43	9360	1470	0.121	1
4	43	6660	13	9120	1470	0.121	1
4	6	7080	18	9060	1470	0.121	1
4	33	6900	45	10800	1470	0.121	1
5	5	8400	8	9060	19992	682	0
5	32	7260	43	9360	1470	0.121	1
5	8	7350	34	9060	19992	509.3	0
5	8	7320	28	10680	8820	1454.2	0
5	2	8130	20	10560	19992	4042.5	0
5	32	8460	30	9060	1470	0.121	1
5	32	7260	45	10800	1470	0.121	1
5	32	7260	40	7620	1470	0.121	1
5	32	7260	36	10800	1470	0.121	1
5	8	7440	2	7620	19992	291.5	0
5	30	7680	8	9120	19992	1303.5	0
5	32	7260	20	9420	1470	0.121	1
5	30	7680	8	9120	19992	1303.5	0
5	8	7440	2	7620	19992	291.5	0
5	5	8400	8	9060	19992	682	0
5	32	7260	20	9420	1470	0.121	1
5	32	7260	36	10800	1470	0.121	1
5	32	7260	40	7620	1470	0.121	1
5	32	7260	43	9360	1470	0.121	1
5	32	7260	45	10800	1470	0.121	1
5	2	8130	20	10560	19992	4042.5	0
5	32	8460	30	9060	1470	0.121	1
5	8	7350	34	9060	19992	509.3	0
5	8	7320	28	10680	8820	1454.2	0
6	40	9480	45	12240	1470	0.121	1
6	17	9720	6	10560	1470	0.374	1
6	8	9540	2	9720	19992	291.5	0
6	8	9300	14	9960	19992	1034	0
6	8	9540	34	10500	19992	327.25	0
6	40	9480	43	10800	1470	0.121	1
6	8	9540	29	10680	19992	1672	0
6	8	9600	9	10680	19992	620.4	0
6	8	9540	27	10590	8820	715	0
6	40	9480	36	12240	1470	0.121	1
6	8	9540	17	10500	19992	343.75	0
6	8	9540	15	10500	19992	343.75	0
6	2	9165	8	9330	19992	291.5	0
6	17	9960	40	11280	1470	0.462	1
6	17	9960	33	12000	1470	0.473	1
6	17	9960	30	10560	1470	0.374	1
6	17	9960	18	10920	1470	0.44	1
6	8	9540	28	12120	19992	2678.5	0
6	17	9660	13	10620	1470	0.352	1
6	2	9810	13	10590	19992	2282.5	0
6	8	9540	44	10740	19992	1705	0
6	2	9810	30	10680	19992	2282.5	0
6	40	9480	45	12240	1470	0.121	1
6	8	9540	44	10740	19992	1705	0
6	2	9810	13	10590	19992	2282.5	0
6	8	9540	28	12120	19992	2678.5	0
6	17	9720	6	10560	1470	0.374	1
6	17	9660	13	10620	1470	0.352	1
6	2	9810	30	10680	19992	2282.5	0
6	17	9960	18	10920	1470	0.44	1
6	8	9540	2	9720	19992	291.5	0
6	17	9960	30	10560	1470	0.374	1
6	17	9960	33	12000	1470	0.473	1
6	2	9165	8	9330	19992	291.5	0
6	8	9300	14	9960	19992	1034	0
6	17	9960	40	11280	1470	0.462	1
6	8	9540	15	10500	19992	343.75	0
6	8	9540	17	10500	19992	343.75	0
6	8	9540	34	10500	19992	327.25	0
6	8	9540	27	10590	8820	715	0
6	8	9600	9	10680	19992	620.4	0
6	8	9540	29	10680	19992	1672	0
6	40	9480	43	10800	1470	0.121	1
6	40	9480	36	12240	1470	0.121	1
